horsepower
150    22
90     20
88     19
110    18
100    17
75     14
95     14
105    12
70     12
67     12
65     10
97      9
85      9
145     7
140     7
80      7
92      6
68      6
78      6
84      6
72      6
180     5
60      5
71      5
86      5
115     5
130     5
170     5
175     5
83      4
120     4
76      4
165     4
52      4
190     3
125     3
215     3
48      3
63      3
112     3
225     3
96      3
69      3
74      3
129     2
98      2
198     2
53      2
81      2
79      2
153     2
58      2
62      2
87      2
46      2
160     2
155     2
139     2
66      1
149     1
132     1
64      1
116     1
77      1
89      1
142     1
135     1
138     1
133     1
103     1
107     1
108     1
102     1
220     1
113     1
200     1
210     1
193     1
54      1
208     1
137     1
158     1
167     1
94      1
230     1
49      1
91      1
122     1
61      1
93      1
148     1
152     1
82      1